version https://git-lfs.github.com/spec/v1
oid sha256:5de249ac97ed468bdae75c5ab483d91f5d2f613e7dbbc2e922ee263ec441ac6b
size 157031166
